1000 1 0.1046
1000 1 0.1031
1000 1 0.1051
1000 1 0.1066
1000 1 0.1028
2000 1 0.4354
2000 1 0.4182
2000 1 0.4228
2000 1 0.4321
2000 1 0.4205
3000 1 0.9747
3000 1 1.0105
3000 1 0.9772
3000 1 0.9780
3000 1 0.9707
4000 1 1.6976
4000 1 1.6327
4000 1 1.6013
4000 1 1.6209
4000 1 1.6025
5000 1 2.6021
5000 1 2.7104
5000 1 2.6958
5000 1 2.5985
5000 1 2.5594
6000 1 3.7095
6000 1 3.6930
6000 1 3.6925
6000 1 3.8377
6000 1 3.9301
7000 1 5.1347
7000 1 5.1723
7000 1 5.1556
7000 1 5.0813
7000 1 5.1449
8000 1 6.7921
8000 1 7.0215
8000 1 6.8600
8000 1 6.7451
8000 1 6.6990
9000 1 8.5002
9000 1 8.5782
9000 1 8.7318
9000 1 8.7585
9000 1 8.6981
10000 1 10.7980
10000 1 10.8280
10000 1 10.9676
10000 1 10.7175
10000 1 10.7659
11000 1 13.0527
11000 1 13.2310
11000 1 12.9631
11000 1 13.1317
11000 1 13.0718
12000 1 15.7327
12000 1 15.6135
12000 1 15.6269
12000 1 15.7501
12000 1 15.6204
13000 1 18.7373
13000 1 18.6301
13000 1 18.5671
13000 1 18.6386
13000 1 18.7100
14000 1 22.2476
14000 1 21.6895
14000 1 21.8193
14000 1 21.9351
14000 1 21.8344
15000 1 26.0642
15000 1 26.0343
15000 1 25.8292
15000 1 26.0439
15000 1 26.8942
1000 2 0.0664
1000 3 0.0593
1000 4 0.0545
1000 2 0.0670
1000 3 0.0616
1000 4 0.0537
1000 2 0.0663
1000 3 0.0629
1000 4 0.0548
1000 2 0.0664
1000 3 0.0595
1000 4 0.0566
1000 2 0.0675
1000 3 0.0621
1000 4 0.0540
2000 2 0.2662
2000 3 0.2402
2000 4 0.2167
2000 2 0.2664
2000 3 0.2391
2000 4 0.2163
2000 2 0.2679
2000 3 0.2397
2000 4 0.2184
2000 2 0.2659
2000 3 0.2514
2000 4 0.2145
2000 2 0.2683
2000 3 0.2370
2000 4 0.2179
3000 2 0.6109
3000 3 0.5418
3000 4 0.4950
3000 2 0.6818
3000 3 0.5451
3000 4 0.5149
3000 2 0.6124
3000 3 0.5435
3000 4 0.4982
3000 2 0.6103
3000 3 0.5432
3000 4 0.5010
3000 2 0.6172
3000 3 0.5608
3000 4 0.5072
4000 2 1.0958
4000 3 0.9700
4000 4 0.8846
4000 2 1.0961
4000 3 0.9682
4000 4 0.8829
4000 2 1.0953
4000 3 0.9683
4000 4 0.9635
4000 2 1.0980
4000 3 0.9754
4000 4 0.8862
4000 2 1.0948
4000 3 0.9820
4000 4 0.8976
5000 2 1.8075
5000 3 1.5252
5000 4 1.3941
5000 2 1.7260
5000 3 1.5293
5000 4 1.3914
5000 2 1.7252
5000 3 1.5357
5000 4 1.4684
5000 2 1.7300
5000 3 1.5478
5000 4 1.3858
5000 2 1.7163
5000 3 1.5322
5000 4 1.4109
6000 2 2.5187
6000 3 2.2017
6000 4 2.0285
6000 2 2.5030
6000 3 2.2125
6000 4 2.0205
6000 2 2.4962
6000 3 2.2073
6000 4 2.0355
6000 2 2.4903
6000 3 2.2380
6000 4 2.0207
6000 2 2.4956
6000 3 2.2556
6000 4 2.0312
7000 2 3.4155
7000 3 3.1780
7000 4 2.7840
7000 2 3.4220
7000 3 3.0163
7000 4 2.7737
7000 2 3.4650
7000 3 3.0160
7000 4 2.8504
7000 2 3.4199
7000 3 3.0386
7000 4 2.7815
7000 2 3.5933
7000 3 3.5311
7000 4 3.0980
8000 2 4.5281
8000 3 3.9942
8000 4 3.6767
8000 2 4.5239
8000 3 4.0227
8000 4 3.8269
8000 2 4.4997
8000 3 3.9913
8000 4 3.6543
8000 2 4.5705
8000 3 4.1277
8000 4 3.6809
8000 2 4.5286
8000 3 4.0222
8000 4 3.6467
9000 2 5.7396
9000 3 5.0651
9000 4 4.6612
9000 2 5.7438
9000 3 5.1073
9000 4 4.6698
9000 2 5.7390
9000 3 5.1505
9000 4 4.6572
9000 2 5.7311
9000 3 5.1114
9000 4 4.6701
9000 2 5.7536
9000 3 5.0795
9000 4 4.6653
10000 2 7.1696
10000 3 6.3239
10000 4 5.8084
10000 2 7.1466
10000 3 6.3890
10000 4 5.8152
10000 2 7.3583
10000 3 6.4078
10000 4 5.8029
10000 2 7.1478
10000 3 6.3955
10000 4 5.8023
10000 2 7.7553
10000 3 6.9537
10000 4 5.7953
11000 2 8.8622
11000 3 7.7099
11000 4 7.2550
11000 2 8.7076
11000 3 7.7338
11000 4 7.1463
11000 2 8.7122
11000 3 7.7607
11000 4 7.0991
11000 2 8.7076
11000 3 7.7557
11000 4 7.1198
11000 2 8.8045
11000 3 7.9076
11000 4 7.0703
12000 2 10.8967
12000 3 9.8152
12000 4 9.1073
12000 2 10.4922
12000 3 9.5544
12000 4 9.0476
12000 2 10.4834
12000 3 9.3634
12000 4 8.5459
12000 2 10.5637
12000 3 9.3015
12000 4 8.5337
12000 2 10.5467
12000 3 9.3749
12000 4 8.5473
13000 2 13.8577
13000 3 11.3183
13000 4 10.6874
13000 2 12.4934
13000 3 11.0040
13000 4 10.5566
13000 2 12.6938
13000 3 11.0804
13000 4 10.6476
13000 2 12.4239
13000 3 11.0771
13000 4 10.9831
13000 2 12.4185
13000 3 11.2695
13000 4 10.7694
14000 2 18.8271
14000 3 13.7005
14000 4 12.8376
14000 2 15.2379
14000 3 13.5043
14000 4 12.5505
14000 2 14.5883
14000 3 13.3965
14000 4 12.5516
14000 2 14.5376
14000 3 13.7940
14000 4 13.9712
14000 2 14.5527
14000 3 13.3652
14000 4 12.6817
15000 2 18.5524
15000 3 17.2368
15000 4 16.3087
15000 2 19.9487
15000 3 17.2404
15000 4 16.2913
15000 2 19.6706
15000 3 16.4347
15000 4 15.7022
15000 2 21.1918
15000 3 17.8922
15000 4 16.2970
15000 2 18.1307
15000 3 18.6076
15000 4 17.3476
