1000 1 0.0751
1000 1 0.0771
1000 1 0.0779
1000 1 0.0763
1000 1 0.0773
2000 1 0.3202
2000 1 0.3218
2000 1 0.3355
2000 1 0.3096
2000 1 0.3033
3000 1 0.7522
3000 1 0.7333
3000 1 0.7469
3000 1 0.7464
3000 1 0.7250
4000 1 1.3117
4000 1 1.3408
4000 1 1.3224
4000 1 1.2882
4000 1 1.3052
5000 1 2.0302
5000 1 2.1269
5000 1 2.0292
5000 1 2.1706
5000 1 2.0991
6000 1 3.0266
6000 1 3.0556
6000 1 2.9645
6000 1 3.0191
6000 1 2.9922
7000 1 4.0467
7000 1 3.9817
7000 1 4.0548
7000 1 4.0332
7000 1 4.0378
8000 1 5.4356
8000 1 5.4496
8000 1 5.4447
8000 1 5.4740
8000 1 5.3420
9000 1 6.7167
9000 1 6.8291
9000 1 6.7966
9000 1 6.7988
9000 1 6.8425
10000 1 8.5315
10000 1 8.4521
10000 1 8.5913
10000 1 8.5457
10000 1 8.3767
11000 1 10.4628
11000 1 10.3401
11000 1 10.4253
11000 1 10.3767
11000 1 11.1719
12000 1 12.1840
12000 1 12.5441
12000 1 12.6285
12000 1 12.4185
12000 1 12.3630
13000 1 14.6286
13000 1 14.6877
13000 1 14.7213
13000 1 15.2964
13000 1 14.7421
14000 1 17.4870
14000 1 17.2497
14000 1 17.0476
14000 1 16.9405
14000 1 17.5964
15000 1 20.3251
15000 1 20.5010
15000 1 20.4986
15000 1 20.5278
15000 1 20.4046
1000 2 0.0494
1000 3 0.0450
1000 4 0.0390
1000 2 0.0513
1000 3 0.0440
1000 4 0.0390
1000 2 0.0501
1000 3 0.0441
1000 4 0.0403
1000 2 0.0492
1000 3 0.0455
1000 4 0.0399
1000 2 0.0487
1000 3 0.0434
1000 4 0.0390
2000 2 0.1993
2000 3 0.1938
2000 4 0.1581
2000 2 0.2017
2000 3 0.1911
2000 4 0.1571
2000 2 0.1997
2000 3 0.1769
2000 4 0.1582
2000 2 0.1985
2000 3 0.1828
2000 4 0.1591
2000 2 0.1987
2000 3 0.1790
2000 4 0.1633
3000 2 0.4499
3000 3 0.3953
3000 4 0.3517
3000 2 0.4549
3000 3 0.3987
3000 4 0.3646
3000 2 0.4559
3000 3 0.4086
3000 4 0.3546
3000 2 0.4551
3000 3 0.4040
3000 4 0.3599
3000 2 0.4541
3000 3 0.3987
3000 4 0.3564
4000 2 0.8178
4000 3 0.7217
4000 4 0.6301
4000 2 0.8197
4000 3 0.7073
4000 4 0.6403
4000 2 0.8140
4000 3 0.7140
4000 4 0.6379
4000 2 0.8128
4000 3 0.7104
4000 4 0.6308
4000 2 0.8125
4000 3 0.7147
4000 4 0.6484
5000 2 1.2812
5000 3 1.1277
5000 4 1.0213
5000 2 1.2867
5000 3 1.1225
5000 4 1.0103
5000 2 1.2787
5000 3 1.1289
5000 4 1.0120
5000 2 1.2798
5000 3 1.1141
5000 4 1.0073
5000 2 1.2798
5000 3 1.1520
5000 4 0.9993
6000 2 1.8913
6000 3 1.6547
6000 4 1.4472
6000 2 1.8547
6000 3 1.6206
6000 4 1.4683
6000 2 1.8585
6000 3 1.6166
6000 4 1.4754
6000 2 1.8580
6000 3 1.6444
6000 4 1.4728
6000 2 1.8499
6000 3 1.6267
6000 4 1.4761
7000 2 2.5777
7000 3 2.2466
7000 4 2.0188
7000 2 2.5483
7000 3 2.2746
7000 4 1.9873
7000 2 2.5731
7000 3 2.2195
7000 4 1.9979
7000 2 2.5615
7000 3 2.2353
7000 4 1.9891
7000 2 2.5580
7000 3 2.2164
7000 4 1.9976
8000 2 3.3544
8000 3 2.9908
8000 4 2.6372
8000 2 3.3512
8000 3 2.9585
8000 4 2.6585
8000 2 3.4344
8000 3 3.0370
8000 4 2.6651
8000 2 3.3682
8000 3 2.9355
8000 4 2.6458
8000 2 3.3634
8000 3 2.9398
8000 4 2.6169
9000 2 4.2879
9000 3 3.7188
9000 4 3.3847
9000 2 4.4038
9000 3 4.0430
9000 4 4.3000
9000 2 4.2979
9000 3 3.7728
9000 4 3.3807
9000 2 4.3057
9000 3 3.7379
9000 4 3.3652
9000 2 4.4244
9000 3 3.7927
9000 4 3.3843
10000 2 5.3569
10000 3 4.6767
10000 4 4.2059
10000 2 5.3566
10000 3 4.6547
10000 4 4.1869
10000 2 5.4269
10000 3 4.6594
10000 4 4.1905
10000 2 5.3489
10000 3 4.6645
10000 4 4.2210
10000 2 5.4031
10000 3 4.6934
10000 4 4.1953
11000 2 6.5186
11000 3 5.8059
11000 4 5.2428
11000 2 6.6019
11000 3 5.7110
11000 4 5.2058
11000 2 6.5061
11000 3 5.6902
11000 4 5.2594
11000 2 6.5785
11000 3 5.6860
11000 4 5.1726
11000 2 6.5029
11000 3 5.6813
11000 4 5.1228
12000 2 8.2817
12000 3 7.3606
12000 4 6.5190
12000 2 9.2757
12000 3 6.9348
12000 4 6.2168
12000 2 7.8504
12000 3 7.0349
12000 4 6.2399
12000 2 7.7995
12000 3 6.8219
12000 4 6.4033
12000 2 7.9746
12000 3 6.8438
12000 4 6.2879
13000 2 10.2773
13000 3 8.2328
13000 4 7.6417
13000 2 9.3789
13000 3 8.5490
13000 4 7.7693
13000 2 9.5398
13000 3 8.7924
13000 4 7.3399
13000 2 9.4521
13000 3 8.2627
13000 4 7.6693
13000 2 9.5788
13000 3 8.5756
13000 4 7.6927
14000 2 11.5829
14000 3 9.7251
14000 4 9.8807
14000 2 11.2174
14000 3 9.9382
14000 4 8.9522
14000 2 10.8410
14000 3 9.5794
14000 4 9.1527
14000 2 10.9820
14000 3 10.0485
14000 4 9.1480
14000 2 10.8298
14000 3 9.8478
14000 4 9.0881
15000 2 14.7331
15000 3 12.0611
15000 4 12.4688
15000 2 15.2646
15000 3 13.0784
15000 4 11.9648
15000 2 13.5677
15000 3 13.3737
15000 4 13.0146
15000 2 14.5836
15000 3 11.5984
15000 4 11.0657
15000 2 13.9871
15000 3 12.3305
15000 4 10.8127
